GeneID	Chr	Start	End	SNP_Pos
Gene5	2	12420571	12421886	12421116
Gene6	2	17744486	17748716	17745350
Gene11	2	153920645	153926320	153924698
Gene13	2	199416217	199426495	199417326
Gene19	2	219348782	219353657	219351615
Gene27	8	74205128	74206555	74205442
Gene30	8	126969528	126978127	126975889
Gene30	8	126969528	126978127	126976559
Gene36	8	172039519	172048923	172045507
Gene39	5	8803187	8808065	8807725
Gene42	5	15311811	15319813	15314993
Gene52	5	175783136	175790708	175783904
Gene58	5	222298217	222302462	222298875
Gene63	7	136898721	136904152	136901679
Gene71	10	70581048	70587119	70581103
Gene85	1	25305829	25316655	25311906
Gene102	1	250291343	250304767	250297539
Gene108	1	283713064	283714392	283713211
Gene113	6	8514154	8561029	8542017
Gene137	3	161006234	161009799	161006455
Gene155	9	111794987	111797460	111795211
